1.62 1.36 -0.61 -0.83 0
1.65 1.4 -0.61 -0.82 0
1.68 1.42 -0.58 -0.81 0
1.7 1.44 -0.57 -0.8 0
1.73 1.47 -0.56 -0.77 0
1.76 1.5 -0.54 -0.77 0
1.78 1.52 -0.52 -0.76 0
1.81 1.55 -0.51 -0.73 0
1.84 1.57 -0.48 -0.72 0
1.86 1.6 -0.46 -0.7 0
1.88 1.62 -0.45 -0.68 0
1.92 1.64 -0.43 -0.66 0
1.93 1.67 -0.41 -0.63 0
1.96 1.69 -0.38 -0.61 0
1.97 1.71 -0.36 -0.59 0
2 1.73 -0.33 -0.56 0
2.01 1.76 -0.3 -0.53 0
2.04 1.78 -0.28 -0.51 0
2.07 1.81 -0.25 -0.48 0
2.08 1.83 -0.22 -0.44 0
2.11 1.85 -0.2 -0.41 0
2.13 1.87 -0.18 -0.39 0
2.14 1.89 -0.14 -0.37 0
2.17 1.91 -0.11 -0.33 0
2.19 1.95 -0.09 -0.3 0
2.22 1.96 -0.06 -0.28 0
2.25 1.99 -0.03 -0.26 0
2.28 2.02 -0 -0.22 0
2.3 2.05 0.03 -0.2 0
2.33 2.07 0.05 -0.17 0
2.35 2.1 0.09 -0.15 0
2.38 2.14 0.11 -0.12 0
2.41 2.15 0.12 -0.09 0
2.44 2.18 0.16 -0.06 0
2.47 2.22 0.18 -0.05 0
2.51 2.24 0.21 -0.03 0
2.53 2.29 0.22 -0.01 0
2.57 2.31 0.25 0.02 0
2.61 2.35 0.28 0.04 0
2.64 2.38 0.3 0.06 0
2.67 2.41 0.33 0.09 0
2.72 2.45 0.36 0.1 0
2.74 2.48 0.37 0.13 0
2.79 2.51 0.4 0.15 0
2.83 2.54 0.42 0.17 0
2.86 2.58 0.44 0.19 0
2.9 2.61 0.48 0.22 0
2.94 2.65 0.49 0.24 0
2.97 2.67 0.52 0.26 0
3 2.72 0.55 0.28 0
3.05 2.75 0.58 0.3 0
3.08 2.79 0.6 0.34 0
3.12 2.83 0.62 0.36 0
3.14 2.85 0.65 0.38 0
3.18 2.9 0.68 0.41 0
3.23 2.92 0.71 0.43 0
3.26 2.97 0.73 0.46 0
3.29 2.99 0.77 0.49 0
3.34 3.02 0.79 0.52 0
3.36 3.06 0.82 0.55 0
3.4 3.08 0.85 0.57 0
3.42 3.13 0.88 0.6 0
3.46 3.16 0.9 0.62 0
3.5 3.19 0.93 0.66 0
3.53 3.23 0.97 0.67 0
3.56 3.26 0.99 0.7 0
3.59 3.29 1.02 0.73 0
3.63 3.31 1.04 0.76 0
3.67 3.35 1.07 0.79 0
3.7 3.39 1.11 0.82 0
3.73 3.42 1.14 0.84 0
3.76 3.44 1.17 0.87 0
3.79 3.48 1.2 0.9 0
3.82 3.5 1.24 0.94 0
3.85 3.53 1.26 0.97 0
3.88 3.56 1.31 1 0
3.9 3.59 1.34 1.04 0
3.94 3.63 1.36 1.06 0
3.97 3.66 1.4 1.1 0
4 3.69 1.43 1.13 0
4.03 3.71 1.47 1.16 0
4.05 3.74 1.5 1.18 0
4.09 3.77 1.53 1.23 0
4.12 3.8 1.54 1.26 0
4.14 3.84 1.58 1.28 0
4.17 3.86 1.62 1.32 0
4.19 3.89 1.66 1.34 0
4.23 3.91 1.69 1.38 0
4.26 3.95 1.73 1.43 0
4.28 3.98 1.75 1.45 0
4.31 4.01 1.78 1.47 0
4.34 4.03 1.81 1.51 0
4.36 4.06 1.85 1.55 0
4.4 4.09 1.88 1.57 0
4.42 4.12 1.92 1.6 0
4.46 4.14 1.94 1.63 0
4.48 4.18 1.98 1.66 0
4.51 4.21 2 1.69 0
4.55 4.24 2.03 1.72 0
4.57 4.28 2.07 1.76 0
4.61 4.3 2.11 1.78 0
4.63 4.32 2.13 1.83 0
4.65 4.36 2.16 1.85 0
4.68 4.37 2.2 1.88 0
4.72 4.42 2.22 1.91 0
4.74 4.44 2.26 1.94 0
4.76 4.47 2.29 1.97 0
4.8 4.51 2.32 2.01 0
4.83 4.53 2.35 2.04 0
4.85 4.57 2.38 2.07 0
4.88 4.59 2.42 2.09 0
4.92 4.63 2.45 2.13 0
4.95 4.65 2.47 2.16 0
4.98 4.69 2.51 2.18 0
5.01 4.73 2.54 2.22 0
5.04 4.75 2.56 2.23 0
5.07 4.79 2.59 2.25 0
5.1 4.81 2.59 2.25 0
5.14 4.84 2.65 2.32 0
5.18 4.88 2.67 2.34 0
5.2 4.91 2.7 2.36 0
5.23 4.94 2.72 2.38 0
5.27 4.97 2.75 2.4 0
5.3 5.01 2.77 2.43 0
5.34 5.04 2.79 2.44 0
5.37 5.07 2.79 2.44 0
5.4 5.1 2.83 2.48 0
5.44 5.13 2.86 2.5 0
5.46 5.17 2.88 2.52 0
5.5 5.19 2.9 2.55 0
5.53 5.22 2.93 2.57 0
5.56 5.24 2.94 2.59 0
5.58 5.28 2.97 2.61 0
5.63 5.31 2.99 2.62 0
5.65 5.34 3.01 2.65 0
5.69 5.36 3.03 2.66 0
5.71 5.4 3.05 2.67 0
5.75 5.42 3.06 2.69 0
5.78 5.45 3.09 2.72 0
5.81 5.48 3.11 2.73 0
5.84 5.52 3.13 2.75 0
5.87 5.54 3.15 2.77 0
5.9 5.57 3.16 2.79 0
5.92 5.59 3.19 2.8 0
5.95 5.62 3.21 2.83 0
5.98 5.65 3.22 2.84 0
6.01 5.67 3.24 2.85 0
6.03 5.7 3.26 2.88 0
6.06 5.72 3.27 2.9 0
6.08 5.74 3.29 2.91 0
6.11 5.77 3.31 2.94 0
6.13 5.79 3.33 2.95 0
6.15 5.81 3.35 2.97 0
6.18 5.84 3.36 2.99 0
6.2 5.86 3.38 3.01 0
6.22 5.88 3.4 3.02 0
6.25 5.9 3.41 3.05 0
6.28 5.92 3.43 3.06 0
6.29 5.95 3.45 3.07 0
6.31 5.96 3.48 3.09 0
6.32 5.98 3.48 3.11 0
6.35 6 3.5 3.12 0
6.38 6.03 3.52 3.13 0
6.4 6.05 3.52 3.13 0
6.41 6.06 3.55 3.16 0
6.43 6.09 3.55 3.18 0
6.45 6.1 3.58 3.19 0
6.47 6.13 3.58 3.21 0
6.5 6.13 3.59 3.21 0
6.51 6.15 3.61 3.23 0
6.52 6.16 3.61 3.24 0
6.54 6.18 3.64 3.25 0
6.56 6.2 3.64 3.26 0
6.58 6.21 3.65 3.27 0
6.59 6.22 3.66 3.27 0
6.61 6.24 3.67 3.28 0
6.62 6.26 3.67 3.28 0
6.64 6.27 3.68 3.29 0
6.64 6.29 3.69 3.3 0
6.67 6.3 3.69 3.3 0
6.68 6.31 3.72 3.32 0
6.69 6.31 3.72 3.33 0
6.71 6.33 3.73 3.34 0
6.71 6.34 3.73 3.34 0
6.73 6.35 3.74 3.34 0
6.74 6.36 3.74 3.35 0
6.75 6.36 3.75 3.35 0
6.75 6.37 3.76 3.36 0
6.77 6.39 3.76 3.36 0
6.77 6.39 3.77 3.38 0
6.78 6.4 3.77 3.37 0
6.79 6.4 3.77 3.37 0
6.79 6.41 3.77 3.37 0
6.8 6.41 3.78 3.39 0
6.81 6.42 3.78 3.39 0
6.81 6.42 3.79 3.4 0
6.81 6.43 3.79 3.39 0
6.81 6.43 3.8 3.4 0
6.82 6.44 3.8 3.4 0
6.82 6.43 3.81 3.4 0
6.83 6.43 3.8 3.4 0
6.82 6.45 3.8 3.4 0
6.83 6.45 3.81 3.41 0
6.83 6.44 3.81 3.4 0
6.82 6.44 3.81 3.41 0
6.82 6.45 3.81 3.41 0
6.83 6.45 3.8 3.4 0
6.84 6.44 3.81 3.42 0
6.84 6.45 3.81 3.4 0
6.83 6.44 3.81 3.4 0
6.83 6.45 3.81 3.4 0
6.83 6.44 3.81 3.4 0
6.82 6.43 3.81 3.4 0
6.82 6.44 3.81 3.41 0
6.83 6.44 3.81 3.41 0
6.82 6.43 3.79 3.42 0
6.82 6.42 3.81 3.4 0
6.82 6.43 3.81 3.41 0
6.81 6.43 3.81 3.4 0
6.81 6.42 3.8 3.41 0
6.81 6.42 3.81 3.4 0
6.8 6.41 3.79 3.4 0
6.8 6.41 3.79 3.4 0
6.79 6.41 3.79 3.39 0
6.79 6.4 3.79 3.39 0
6.79 6.4 3.78 3.38 0
6.78 6.39 3.78 3.38 0
6.78 6.38 3.78 3.38 0
6.78 6.38 3.77 3.38 0
6.76 6.38 3.78 3.37 0
6.76 6.37 3.77 3.38 0
6.76 6.36 3.76 3.36 0
6.75 6.36 3.77 3.37 0
6.75 6.36 3.77 3.35 0
6.75 6.35 3.76 3.35 0
6.75 6.35 3.76 3.35 0
6.74 6.33 3.75 3.35 0
6.72 6.33 3.75 3.34 0
6.72 6.32 3.74 3.33 0
6.71 6.31 3.74 3.33 0
6.71 6.31 3.74 3.33 0
6.7 6.3 3.73 3.33 0
6.7 6.29 3.73 3.32 0
6.69 6.29 3.72 3.3 0
6.68 6.28 3.72 3.3 0
6.68 6.27 3.71 3.29 0
6.66 6.25 3.7 3.29 0
6.66 6.25 3.7 3.28 0
6.65 6.24 3.7 3.27 0
6.64 6.23 3.7 3.27 0
4.67 4 2.67 2.51 1
4.64 3.97 2.65 2.49 1
4.62 3.94 2.61 2.46 1
4.59 3.91 2.59 2.44 1
4.56 3.89 2.56 2.42 1
4.52 3.86 2.54 2.39 1
4.48 3.83 2.52 2.37 1
4.45 3.79 2.5 2.34 1
4.41 3.76 2.46 2.32 1
4.36 3.74 2.45 2.3 1
4.34 3.71 2.43 2.28 1
4.31 3.67 2.41 2.27 1
4.27 3.65 2.38 2.24 1
4.23 3.62 2.36 2.22 1
4.19 3.58 2.33 2.2 1
4.18 3.54 2.3 2.17 1
4.15 3.51 2.27 2.15 1
4.11 3.49 2.26 2.12 1
4.05 3.45 2.25 2.1 1
4.03 3.42 2.22 2.08 1
3.99 3.39 2.18 2.07 1
3.96 3.36 2.17 2.04 1
3.92 3.34 2.15 2.02 1
3.9 3.3 2.13 2 1
3.84 3.27 2.11 1.99 1
3.81 3.24 2.08 1.97 1
3.77 3.2 2.06 1.95 1
3.75 3.17 2.03 1.93 1
3.7 3.14 2.01 1.91 1
3.67 3.11 1.99 1.88 1
3.62 3.07 1.97 1.86 1
3.57 3.04 1.95 1.85 1
3.53 3 1.94 1.84 1
3.46 2.95 1.92 1.83 1
3.41 2.91 1.9 1.82 1
3.37 2.87 1.89 1.8 1
3.3 2.83 1.88 1.79 1
3.27 2.79 1.86 1.78 1
3.22 2.75 1.85 1.78 1
3.16 2.7 1.83 1.77 1
3.12 2.67 1.81 1.74 1
3.08 2.63 1.79 1.73 1
3.04 2.58 1.77 1.72 1
3 2.54 1.75 1.7 1
2.96 2.51 1.73 1.67 1
2.91 2.47 1.71 1.66 1
2.88 2.44 1.68 1.63 1
2.85 2.4 1.65 1.61 1
2.84 2.36 1.62 1.57 1
2.81 2.35 1.59 1.54 1
2.78 2.31 1.56 1.51 1
2.76 2.29 1.53 1.47 1
2.74 2.26 1.49 1.44 1
2.7 2.23 1.47 1.42 1
2.67 2.2 1.43 1.39 1
2.64 2.17 1.42 1.36 1
2.61 2.13 1.37 1.34 1
2.58 2.1 1.36 1.32 1
2.55 2.07 1.32 1.28 1
2.52 2.03 1.29 1.26 1
2.48 2.01 1.26 1.23 1
2.46 1.97 1.24 1.19 1
2.41 1.95 1.21 1.17 1
2.38 1.91 1.19 1.15 1
2.34 1.87 1.17 1.13 1
2.31 1.84 1.13 1.1 1
2.27 1.8 1.11 1.07 1
2.24 1.78 1.08 1.04 1
2.21 1.74 1.04 1.02 1
2.18 1.7 1.01 0.98 1
2.15 1.69 0.98 0.95 1
2.13 1.65 0.94 0.91 1
2.1 1.63 0.92 0.88 1
2.07 1.6 0.88 0.85 1
2.05 1.57 0.84 0.82 1
2.01 1.53 0.82 0.78 1
1.99 1.51 0.79 0.75 1
1.96 1.47 0.75 0.72 1
1.93 1.44 0.71 0.68 1
1.9 1.42 0.68 0.66 1
1.88 1.39 0.66 0.62 1
1.86 1.36 0.62 0.58 1
1.83 1.33 0.59 0.55 1
1.8 1.31 0.56 0.51 1
1.75 1.27 0.54 0.49 1
1.72 1.23 0.49 0.46 1
1.69 1.2 0.47 0.43 1
1.66 1.17 0.44 0.41 1
1.63 1.14 0.4 0.37 1
1.6 1.1 0.38 0.34 1
1.55 1.08 0.34 0.31 1
1.52 1.05 0.32 0.28 1
1.5 1.02 0.28 0.25 1
1.47 0.98 0.26 0.23 1
1.44 0.96 0.22 0.18 1
1.42 0.94 0.19 0.15 1
1.4 0.9 0.16 0.11 1
1.39 0.86 0.12 0.07 1
1.36 0.85 0.09 0.05 1
1.33 0.81 0.06 0.01 1
1.31 0.79 0.02 -0.02 1
1.29 0.77 -0.01 -0.05 1
1.25 0.75 -0.03 -0.07 1
1.23 0.72 -0.07 -0.11 1
1.21 0.68 -0.09 -0.13 1
1.18 0.65 -0.13 -0.16 1
1.15 0.63 -0.16 -0.2 1
1.13 0.59 -0.19 -0.23 1
1.11 0.57 -0.22 -0.25 1
1.07 0.55 -0.25 -0.29 1
1.05 0.51 -0.28 -0.32 1
1.01 0.48 -0.31 -0.35 1
0.99 0.45 -0.33 -0.39 1
0.97 0.42 -0.38 -0.42 1
0.94 0.4 -0.41 -0.45 1
0.93 0.38 -0.44 -0.48 1
0.9 0.34 -0.47 -0.51 1
0.86 0.31 -0.5 -0.54 1
0.84 0.29 -0.53 -0.59 1
0.81 0.26 -0.56 -0.62 1
0.78 0.22 -0.59 -0.65 1
0.75 0.2 -0.63 -0.67 1
0.72 0.17 -0.66 -0.71 1
0.69 0.14 -0.69 -0.73 1
0.66 0.11 -0.72 -0.77 1
0.63 0.08 -0.75 -0.79 1
0.6 0.04 -0.78 -0.83 1
0.57 0.02 -0.81 -0.85 1
0.52 -0.01 -0.84 -0.88 1
0.5 -0.04 -0.86 -0.92 1
0.46 -0.08 -0.9 -0.95 1
0.45 -0.11 -0.92 -0.98 1
0.41 -0.14 -0.96 -1.01 1
0.38 -0.16 -0.98 -1.03 1
0.34 -0.2 -1.01 -1.06 1
0.32 -0.22 -1.03 -1.08 1
0.27 -0.26 -1.07 -1.11 1
0.24 -0.29 -1.09 -1.13 1
0.18 -0.32 -1.12 -1.16 1
0.15 -0.37 -1.14 -1.18 1
0.11 -0.39 -1.17 -1.21 1
0.06 -0.43 -1.19 -1.23 1
0.03 -0.45 -1.22 -1.24 1
-0.01 -0.5 -1.24 -1.27 1
-0.05 -0.53 -1.26 -1.29 1
-0.1 -0.56 -1.29 -1.31 1
-0.14 -0.61 -1.31 -1.33 1
-0.18 -0.64 -1.34 -1.35 1
-0.23 -0.69 -1.35 -1.37 1
-0.26 -0.71 -1.37 -1.39 1
-0.31 -0.76 -1.4 -1.4 1
-0.33 -0.79 -1.42 -1.43 1
-0.4 -0.83 -1.44 -1.44 1
-0.43 -0.87 -1.45 -1.46 1
-0.46 -0.9 -1.47 -1.48 1
-0.5 -0.94 -1.5 -1.5 1
-0.54 -0.98 -1.52 -1.52 1
-0.58 -1.02 -1.55 -1.52 1
-0.62 -1.06 -1.56 -1.54 1
-0.66 -1.1 -1.58 -1.57 1
-0.71 -1.14 -1.6 -1.58 1
-0.74 -1.16 -1.63 -1.61 1
-0.78 -1.21 -1.64 -1.62 1
-0.82 -1.26 -1.65 -1.65 1
-0.87 -1.28 -1.69 -1.66 1
-0.9 -1.33 -1.71 -1.68 1
-0.95 -1.37 -1.73 -1.7 1
-0.99 -1.4 -1.74 -1.71 1
-1.03 -1.44 -1.76 -1.73 1
-1.07 -1.48 -1.79 -1.74 1
-1.13 -1.51 -1.81 -1.76 1
-1.16 -1.55 -1.84 -1.78 1
-1.21 -1.59 -1.85 -1.8 1
-1.26 -1.63 -1.87 -1.82 1
-1.31 -1.67 -1.89 -1.82 1
-1.35 -1.71 -1.91 -1.84 1
-1.38 -1.76 -1.94 -1.85 1
-1.43 -1.78 -1.95 -1.88 1
-1.45 -1.82 -1.98 -1.9 1
-1.47 -1.84 -2 -1.93 1
-1.51 -1.88 -2.02 -1.95 1
-1.54 -1.92 -2.04 -1.97 1
-1.58 -1.94 -2.06 -2 1
-1.6 -1.98 -2.09 -2.01 1
-1.65 -2.01 -2.12 -2.04 1
-1.67 -2.04 -2.15 -2.07 1
-1.71 -2.07 -2.18 -2.09 1
-1.72 -2.1 -2.2 -2.13 1
-1.77 -2.13 -2.23 -2.15 1
-1.8 -2.17 -2.26 -2.17 1
-1.84 -2.19 -2.28 -2.19 1
-1.86 -2.22 -2.3 -2.22 1
-1.89 -2.25 -2.34 -2.24 1
-1.91 -2.28 -2.37 -2.27 1
-1.95 -2.31 -2.39 -2.3 1
-1.97 -2.34 -2.42 -2.32 1
-2 -2.37 -2.44 -2.34 1
-2.02 -2.39 -2.47 -2.39 1
-2.05 -2.42 -2.5 -2.42 1
-2.08 -2.45 -2.53 -2.44 1
-2.1 -2.47 -2.56 -2.47 1
-2.13 -2.5 -2.59 -2.51 1
-2.17 -2.52 -2.63 -2.54 1
-2.19 -2.55 -2.65 -2.55 1
-2.23 -2.59 -2.67 -2.58 1
-2.25 -2.61 -2.69 -2.61 1
-2.28 -2.64 -2.73 -2.63 1
-2.29 -2.68 -2.75 -2.67 1
-2.33 -2.7 -2.79 -2.7 1
-2.34 -2.72 -2.81 -2.73 1
-2.38 -2.74 -2.84 -2.75 1
-2.4 -2.77 -2.87 -2.78 1
-2.42 -2.8 -2.9 -2.8 1
-2.45 -2.83 -2.92 -2.84 1
-2.49 -2.85 -2.96 -2.86 1
-2.51 -2.88 -2.97 -2.88 1
-2.52 -2.9 -3 -2.92 1
-2.55 -2.92 -3.03 -2.94 1
-2.57 -2.95 -3.07 -2.97 1
-2.6 -2.97 -3.09 -3 1
-2.62 -2.99 -3.12 -3.02 1
-2.64 -3.03 -3.14 -3.04 1
-2.66 -3.04 -3.17 -3.08 1
-2.69 -3.07 -3.2 -3.1 1
-2.72 -3.1 -3.21 -3.13 1
-2.76 -3.12 -3.25 -3.14 1
-2.77 -3.16 -3.27 -3.17 1
-2.8 -3.18 -3.3 -3.2 1
-2.82 -3.21 -3.32 -3.23 1
-2.85 -3.22 -3.34 -3.25 1
-2.87 -3.26 -3.37 -3.27 1
-2.89 -3.28 -3.39 -3.3 1
-2.91 -3.3 -3.42 -3.32 1
-2.95 -3.33 -3.44 -3.34 1
-2.97 -3.35 -3.45 -3.36 1
-3 -3.38 -3.48 -3.39 1
-3.03 -3.4 -3.5 -3.41 1
-3.06 -3.43 -3.52 -3.43 1
-3.09 -3.45 -3.54 -3.45 1
-3.11 -3.48 -3.57 -3.47 1
-3.14 -3.5 -3.58 -3.5 1
-3.17 -3.52 -3.6 -3.51 1
-3.2 -3.55 -3.63 -3.54 1
-3.22 -3.57 -3.64 -3.56 1
-3.24 -3.6 -3.68 -3.58 1
-3.27 -3.63 -3.7 -3.6 1
-3.3 -3.65 -3.72 -3.62 1
-3.32 -3.67 -3.74 -3.65 1
-3.35 -3.71 -3.76 -3.67 1
-3.36 -3.72 -3.78 -3.69 1
-6.3 -5.63 -4.32 -4.07 2
-6.3 -5.63 -4.31 -4.07 2
-6.31 -5.61 -4.31 -4.07 2
-6.3 -5.61 -4.31 -4.05 2
-6.3 -5.6 -4.3 -4.05 2
-6.3 -5.61 -4.3 -4.04 2
-6.29 -5.59 -4.29 -4.03 2
-6.29 -5.59 -4.28 -4.03 2
-6.28 -5.57 -4.26 -4.02 2
-6.27 -5.57 -4.26 -4.02 2
-6.27 -5.56 -4.26 -4.01 2
-6.27 -5.56 -4.26 -4 2
-6.25 -5.55 -4.25 -4 2
-6.25 -5.55 -4.26 -4 2
-6.24 -5.54 -4.24 -3.98 2
-6.24 -5.53 -4.23 -3.98 2
-6.23 -5.52 -4.23 -3.97 2
-6.22 -5.51 -4.22 -3.96 2
-6.22 -5.51 -4.21 -3.96 2
-6.19 -5.5 -4.21 -3.95 2
-6.2 -5.48 -4.2 -3.94 2
-6.19 -5.48 -4.2 -3.93 2
-6.18 -5.46 -4.19 -3.92 2
-6.17 -5.45 -4.18 -3.92 2
-6.15 -5.44 -4.18 -3.91 2
-6.14 -5.44 -4.18 -3.9 2
-6.12 -5.43 -4.17 -3.89 2
-6.12 -5.41 -4.15 -3.88 2
-6.11 -5.39 -4.14 -3.88 2
-6.1 -5.4 -4.14 -3.86 2
-6.08 -5.37 -4.13 -3.86 2
-6.07 -5.37 -4.13 -3.84 2
-6.05 -5.35 -4.12 -3.85 2
-6.03 -5.34 -4.11 -3.83 2
-6.01 -5.33 -4.09 -3.83 2
-6 -5.3 -4.09 -3.82 2
-5.98 -5.28 -4.09 -3.8 2
-5.96 -5.27 -4.08 -3.8 2
-5.95 -5.25 -4.06 -3.79 2
-5.93 -5.23 -4.06 -3.79 2
-5.9 -5.22 -4.04 -3.77 2
-5.88 -5.19 -4.04 -3.77 2
-5.85 -5.17 -4.03 -3.77 2
-5.81 -5.15 -4.01 -3.76 2
-5.78 -5.12 -4.02 -3.75 2
-5.74 -5.1 -4.01 -3.75 2
-5.72 -5.08 -4 -3.74 2
-5.69 -5.04 -3.98 -3.74 2
-5.66 -5.02 -3.98 -3.74 2
-5.61 -4.99 -3.98 -3.74 2
-5.58 -4.96 -3.97 -3.74 2
-5.53 -4.93 -3.96 -3.73 2
-5.5 -4.91 -3.96 -3.72 2
-5.47 -4.87 -3.95 -3.72 2
-5.43 -4.84 -3.93 -3.72 2
-5.4 -4.81 -3.92 -3.71 2
-5.35 -4.78 -3.92 -3.71 2
-5.32 -4.75 -3.91 -3.71 2
-5.27 -4.71 -3.91 -3.71 2
-5.25 -4.68 -3.9 -3.71 2
-5.21 -4.66 -3.89 -3.7 2
-5.17 -4.61 -3.88 -3.69 2
-5.13 -4.59 -3.88 -3.69 2
-5.1 -4.55 -3.87 -3.69 2
-5.06 -4.51 -3.86 -3.69 2
-5.03 -4.48 -3.85 -3.69 2
-4.99 -4.45 -3.85 -3.68 2
-4.95 -4.41 -3.84 -3.67 2
-4.92 -4.39 -3.82 -3.66 2
-4.88 -4.35 -3.81 -3.66 2
-4.86 -4.32 -3.8 -3.64 2
-4.81 -4.28 -3.8 -3.65 2
-4.77 -4.25 -3.79 -3.64 2
-4.73 -4.22 -3.78 -3.63 2
-4.69 -4.2 -3.76 -3.63 2
-4.65 -4.15 -3.76 -3.62 2
-4.61 -4.12 -3.75 -3.62 2
-4.57 -4.08 -3.74 -3.61 2
-4.53 -4.05 -3.73 -3.61 2
-4.49 -4.01 -3.72 -3.61 2
-4.44 -3.97 -3.71 -3.6 2
-4.4 -3.94 -3.7 -3.58 2
-4.36 -3.91 -3.69 -3.58 2
-4.33 -3.87 -3.68 -3.57 2
-4.29 -3.84 -3.67 -3.56 2
-4.25 -3.81 -3.65 -3.56 2
-4.22 -3.77 -3.64 -3.55 2
-4.17 -3.74 -3.62 -3.53 2
-4.13 -3.7 -3.62 -3.52 2
-4.11 -3.67 -3.6 -3.52 2
-4.08 -3.64 -3.58 -3.5 2
-4.03 -3.62 -3.56 -3.49 2
-4 -3.57 -3.57 -3.47 2
-3.97 -3.54 -3.54 -3.46 2
-3.93 -3.51 -3.54 -3.46 2
-3.89 -3.48 -3.52 -3.44 2
-3.84 -3.45 -3.51 -3.43 2
-3.82 -3.42 -3.48 -3.41 2
-3.78 -3.38 -3.46 -3.39 2
-3.76 -3.35 -3.45 -3.37 2
-3.74 -3.32 -3.42 -3.36 2
-3.7 -3.29 -3.4 -3.34 2
-3.66 -3.27 -3.38 -3.31 2
-3.63 -3.24 -3.37 -3.29 2
-3.61 -3.21 -3.34 -3.27 2
-3.57 -3.18 -3.32 -3.25 2
-3.54 -3.16 -3.29 -3.23 2
-3.51 -3.13 -3.28 -3.21 2
-3.49 -3.1 -3.25 -3.18 2
-3.46 -3.08 -3.22 -3.16 2
-3.43 -3.05 -3.2 -3.13 2
-3.4 -3.03 -3.18 -3.1 2
-3.38 -2.99 -3.14 -3.07 2
-3.35 -2.96 -3.12 -3.06 2
-3.33 -2.94 -3.1 -3.04 2
-3.31 -2.91 -3.07 -3 2
-3.28 -2.89 -3.04 -2.97 2
-3.26 -2.88 -3.01 -2.94 2
-3.24 -2.84 -2.98 -2.9 2
-3.21 -2.82 -2.95 -2.88 2
-3.19 -2.8 -2.93 -2.85 2
-3.17 -2.78 -2.9 -2.82 2
-3.14 -2.76 -2.87 -2.79 2
-3.11 -2.73 -2.84 -2.76 2
-3.09 -2.69 -2.81 -2.74 2
-3.07 -2.66 -2.78 -2.71 2
-3.04 -2.65 -2.76 -2.68 2
-3.01 -2.62 -2.74 -2.66 2
-2.98 -2.58 -2.7 -2.64 2
-2.96 -2.56 -2.68 -2.61 2
-2.94 -2.53 -2.64 -2.58 2
-2.91 -2.5 -2.61 -2.55 2
-2.89 -2.47 -2.58 -2.51 2
-2.87 -2.45 -2.55 -2.49 2
-2.84 -2.44 -2.52 -2.46 2
-2.82 -2.4 -2.48 -2.43 2
-2.79 -2.38 -2.46 -2.39 2
-2.77 -2.35 -2.43 -2.35 2
-2.74 -2.33 -2.4 -2.33 2
-2.71 -2.29 -2.37 -2.3 2
-2.69 -2.27 -2.33 -2.28 2
-2.67 -2.25 -2.31 -2.24 2
-2.66 -2.22 -2.26 -2.21 2
-2.62 -2.19 -2.24 -2.18 2
-2.59 -2.17 -2.22 -2.15 2
-2.57 -2.15 -2.18 -2.12 2
-2.54 -2.11 -2.14 -2.09 2
-2.52 -2.09 -2.12 -2.05 2
-2.5 -2.06 -2.08 -2.01 2
-2.48 -2.05 -2.05 -1.99 2
-2.46 -2.01 -2.01 -1.95 2
-2.44 -1.99 -1.98 -1.91 2
-2.41 -1.96 -1.95 -1.87 2
-2.39 -1.94 -1.92 -1.84 2
-2.38 -1.92 -1.89 -1.81 2
-2.35 -1.89 -1.84 -1.77 2
-2.33 -1.87 -1.81 -1.73 2
-2.3 -1.85 -1.78 -1.7 2
-2.28 -1.82 -1.74 -1.67 2
-2.25 -1.79 -1.7 -1.64 2
-2.23 -1.76 -1.68 -1.61 2
-2.21 -1.73 -1.64 -1.57 2
-2.17 -1.7 -1.62 -1.54 2
-2.14 -1.67 -1.58 -1.51 2
-2.12 -1.64 -1.56 -1.48 2
-2.09 -1.61 -1.53 -1.46 2
-2.05 -1.58 -1.5 -1.43 2
-2.02 -1.55 -1.47 -1.4 2
-1.99 -1.53 -1.45 -1.38 2
-1.96 -1.49 -1.41 -1.35 2
-1.93 -1.47 -1.4 -1.33 2
-1.9 -1.42 -1.36 -1.3 2
-1.85 -1.39 -1.33 -1.28 2
-1.82 -1.36 -1.3 -1.26 2
-1.78 -1.33 -1.28 -1.23 2
-1.75 -1.29 -1.24 -1.19 2
-1.72 -1.26 -1.23 -1.17 2
-1.7 -1.23 -1.19 -1.16 2
-1.66 -1.19 -1.17 -1.12 2
-1.63 -1.17 -1.14 -1.11 2
-1.6 -1.12 -1.12 -1.07 2
-1.55 -1.1 -1.09 -1.05 2
-1.52 -1.07 -1.06 -1.04 2
-1.49 -1.03 -1.04 -1.01 2
-1.45 -0.99 -1.02 -0.99 2
-1.4 -0.96 -0.98 -0.97 2
-1.35 -0.93 -0.97 -0.96 2
-1.31 -0.89 -0.96 -0.94 2
-1.27 -0.84 -0.94 -0.93 2
-1.21 -0.81 -0.92 -0.91 2
-1.17 -0.77 -0.89 -0.89 2
-1.13 -0.72 -0.86 -0.87 2
-1.11 -0.7 -0.85 -0.85 2
-1.06 -0.65 -0.82 -0.83 2
-1.03 -0.61 -0.8 -0.8 2
-0.98 -0.58 -0.77 -0.78 2
-0.95 -0.55 -0.75 -0.76 2
-0.91 -0.51 -0.72 -0.73 2
-0.88 -0.47 -0.69 -0.69 2
-0.84 -0.44 -0.67 -0.67 2
-0.82 -0.4 -0.63 -0.63 2
-0.78 -0.37 -0.61 -0.62 2
-0.75 -0.34 -0.57 -0.59 2
-0.72 -0.31 -0.55 -0.56 2
-0.68 -0.27 -0.52 -0.52 2
-0.65 -0.24 -0.49 -0.49 2
-0.62 -0.21 -0.45 -0.46 2
-0.59 -0.17 -0.42 -0.44 2
-0.55 -0.15 -0.4 -0.41 2
-0.53 -0.12 -0.37 -0.38 2
-0.49 -0.09 -0.34 -0.34 2
-0.45 -0.06 -0.31 -0.33 2
-0.43 -0.02 -0.28 -0.3 2
-0.38 0.01 -0.25 -0.28 2
-0.34 0.05 -0.23 -0.24 2
-0.31 0.08 -0.2 -0.22 2
-0.27 0.11 -0.18 -0.2 2
-0.23 0.15 -0.14 -0.17 2
-0.19 0.18 -0.12 -0.15 2
-0.16 0.22 -0.09 -0.11 2
-0.12 0.27 -0.07 -0.1 2
-0.07 0.29 -0.05 -0.07 2
-0.04 0.33 -0.03 -0.06 2
0 0.36 -0.01 -0.04 2
0.07 0.41 0.01 -0.02 2
0.11 0.45 0.03 -0.01 2
0.15 0.5 0.05 0 2
0.19 0.53 0.07 0.03 2
0.24 0.57 0.08 0.05 2
0.28 0.62 0.1 0.05 2
0.32 0.65 0.12 0.07 2
0.36 0.7 0.15 0.1 2
0.4 0.74 0.17 0.11 2
0.45 0.78 0.18 0.13 2
0.49 0.81 0.21 0.14 2
0.55 0.86 0.22 0.17 2
0.58 0.89 0.25 0.18 2
0.62 0.95 0.27 0.19 2
0.66 0.97 0.29 0.22 2
0.69 1.02 0.32 0.24 2
0.73 1.06 0.34 0.27 2
0.76 1.09 0.37 0.29 2
0.8 1.12 0.4 0.32 2
0.83 1.16 0.43 0.35 2
0.86 1.19 0.46 0.38 2
0.89 1.22 0.49 0.41 2
0.91 1.24 0.53 0.45 2
0.94 1.27 0.55 0.48 2
0.97 1.3 0.59 0.51 2
1 1.33 0.62 0.55 2
6.39 5.63 2.64 2.18 3
6.42 5.65 2.63 2.17 3
6.48 5.68 2.64 2.17 3
6.51 5.7 2.64 2.17 3
6.54 5.74 2.64 2.18 3
6.58 5.76 2.64 2.17 3
6.62 5.79 2.64 2.17 3
6.67 5.82 2.64 2.17 3
6.71 5.85 2.65 2.16 3
6.77 5.88 2.65 2.16 3
6.81 5.91 2.65 2.16 3
6.85 5.94 2.65 2.16 3
6.89 5.97 2.66 2.16 3
6.93 5.99 2.65 2.15 3
6.95 6.03 2.65 2.15 3
6.98 6.04 2.66 2.15 3
7 6.07 2.66 2.16 3
7.04 6.08 2.65 2.15 3
7.08 6.11 2.66 2.15 3
7.1 6.13 2.66 2.15 3
7.15 6.15 2.67 2.15 3
7.19 6.18 2.66 2.15 3
7.23 6.2 2.65 2.15 3
7.25 6.23 2.67 2.14 3
7.28 6.25 2.67 2.15 3
7.3 6.27 2.68 2.15 3
7.32 6.28 2.67 2.15 3
7.35 6.31 2.68 2.15 3
7.37 6.32 2.68 2.15 3
7.4 6.35 2.69 2.15 3
7.43 6.38 2.7 2.15 3
7.45 6.39 2.7 2.15 3
7.48 6.4 2.7 2.15 3
7.51 6.42 2.71 2.15 3
7.53 6.45 2.71 2.15 3
7.56 6.46 2.71 2.15 3
7.57 6.48 2.71 2.15 3
7.6 6.5 2.72 2.15 3
7.63 6.52 2.72 2.15 3
7.64 6.53 2.72 2.15 3
7.67 6.55 2.73 2.15 3
7.67 6.56 2.73 2.15 3
7.68 6.58 2.74 2.16 3
7.7 6.58 2.75 2.16 3
7.73 6.61 2.75 2.16 3
7.74 6.62 2.76 2.16 3
7.76 6.64 2.76 2.17 3
7.78 6.65 2.76 2.16 3
7.8 6.66 2.77 2.16 3
7.81 6.68 2.77 2.16 3
7.82 6.69 2.78 2.17 3
7.86 6.71 2.78 2.16 3
7.88 6.73 2.78 2.17 3
7.9 6.75 2.78 2.16 3
7.91 6.75 2.79 2.17 3
7.91 6.77 2.8 2.17 3
7.92 6.77 2.8 2.17 3
7.93 6.79 2.81 2.17 3
7.96 6.81 2.81 2.17 3
7.98 6.81 2.81 2.17 3
7.99 6.82 2.81 2.17 3
8.02 6.84 2.82 2.17 3
8.04 6.86 2.82 2.17 3
8.06 6.86 2.82 2.17 3
8.07 6.87 2.82 2.16 3
8.09 6.88 2.82 2.16 3
8.09 6.9 2.82 2.16 3
8.12 6.91 2.83 2.16 3
8.13 6.92 2.83 2.17 3
8.13 6.93 2.83 2.16 3
8.15 6.94 2.83 2.17 3
8.15 6.94 2.83 2.16 3
8.17 6.95 2.84 2.17 3
8.19 6.95 2.82 2.16 3
8.2 6.96 2.84 2.16 3
8.21 6.97 2.83 2.16 3
8.22 6.98 2.84 2.17 3
8.23 6.98 2.84 2.17 3
8.24 6.99 2.84 2.17 3
8.24 6.99 2.84 2.16 3
8.25 7 2.84 2.16 3
8.25 7.01 2.85 2.17 3
8.25 7.01 2.84 2.17 3
8.27 7.01 2.85 2.17 3
8.27 7.02 2.84 2.17 3
8.29 7.02 2.85 2.16 3
8.28 7.02 2.85 2.16 3
8.29 7.02 2.85 2.17 3
8.29 7.03 2.85 2.17 3
8.29 7.03 2.85 2.16 3
8.29 7.03 2.85 2.17 3
8.29 7.03 2.85 2.17 3
8.28 7.04 2.85 2.16 3
8.3 7.04 2.86 2.17 3
8.3 7.03 2.85 2.16 3
8.29 7.03 2.86 2.16 3
8.29 7.04 2.86 2.17 3
8.3 7.04 2.86 2.17 3
8.3 7.04 2.86 2.17 3
8.3 7.03 2.86 2.17 3
8.29 7.04 2.85 2.17 3
8.29 7.03 2.85 2.16 3
8.29 7.03 2.86 2.17 3
8.29 7.04 2.85 2.17 3
8.29 7.03 2.85 2.16 3
8.29 7.04 2.85 2.17 3
8.29 7.03 2.85 2.16 3
8.28 7.03 2.85 2.15 3
8.29 7.04 2.85 2.16 3
8.29 7.03 2.85 2.16 3
8.28 7.03 2.85 2.15 3
8.29 7.02 2.85 2.15 3
8.29 7.03 2.85 2.15 3
8.29 7.02 2.84 2.15 3
8.29 7.01 2.84 2.13 3
8.28 7.01 2.83 2.14 3
8.29 7.02 2.83 2.13 3
8.28 7.01 2.83 2.13 3
8.27 7.01 2.83 2.12 3
8.27 7.01 2.82 2.12 3
8.26 7.01 2.83 2.12 3
8.26 7.01 2.83 2.12 3
8.25 6.99 2.82 2.12 3
8.25 6.99 2.81 2.12 3
8.25 6.98 2.82 2.12 3
8.24 6.97 2.81 2.12 3
8.24 6.97 2.81 2.11 3
8.24 6.97 2.81 2.11 3
8.23 6.97 2.81 2.11 3
8.23 6.96 2.8 2.12 3
8.23 6.96 2.8 2.11 3
8.23 6.95 2.81 2.1 3
8.23 6.94 2.79 2.1 3
8.22 6.93 2.8 2.1 3
8.21 6.94 2.79 2.1 3
8.2 6.93 2.78 2.1 3
8.2 6.92 2.78 2.1 3
8.2 6.92 2.77 2.09 3
8.19 6.91 2.77 2.1 3
8.18 6.91 2.77 2.1 3
8.18 6.9 2.77 2.08 3
8.17 6.9 2.76 2.08 3
8.15 6.88 2.76 2.09 3
8.14 6.87 2.75 2.08 3
8.14 6.86 2.75 2.08 3
8.13 6.86 2.75 2.08 3
8.13 6.85 2.73 2.07 3
8.11 6.85 2.73 2.06 3
8.1 6.83 2.72 2.06 3
8.1 6.82 2.72 2.06 3
8.09 6.81 2.72 2.06 3
8.08 6.81 2.71 2.06 3
8.08 6.79 2.7 2.05 3
8.07 6.79 2.7 2.04 3
8.06 6.78 2.7 2.05 3
8.05 6.76 2.69 2.03 3
8.04 6.75 2.67 2.04 3
8.03 6.75 2.67 2.04 3
8.03 6.73 2.67 2.03 3
8.01 6.71 2.65 2.02 3
7.99 6.71 2.65 2.02 3
7.98 6.69 2.65 2.01 3
7.96 6.68 2.63 2.02 3
7.95 6.66 2.64 2.01 3
7.94 6.65 2.62 2.01 3
7.92 6.64 2.6 2 3
7.91 6.63 2.6 2 3
7.89 6.62 2.59 1.99 3
7.88 6.59 2.59 1.98 3
7.85 6.58 2.59 1.98 3
7.84 6.57 2.57 1.98 3
7.82 6.55 2.57 1.97 3
7.81 6.54 2.55 1.97 3
7.79 6.53 2.54 1.96 3
7.77 6.51 2.53 1.95 3
7.75 6.5 2.52 1.94 3
7.73 6.47 2.51 1.94 3
7.69 6.45 2.51 1.94 3
7.67 6.43 2.5 1.95 3
7.64 6.4 2.48 1.93 3
7.6 6.38 2.48 1.93 3
7.57 6.36 2.46 1.93 3
7.54 6.33 2.46 1.92 3
7.52 6.31 2.45 1.91 3
7.49 6.28 2.44 1.92 3
7.45 6.25 2.44 1.91 3
7.4 6.22 2.43 1.91 3
7.36 6.18 2.42 1.9 3
7.32 6.16 2.41 1.9 3
7.27 6.12 2.4 1.9 3
7.24 6.08 2.39 1.89 3
7.19 6.05 2.38 1.89 3
7.15 6.01 2.36 1.88 3
7.1 5.98 2.36 1.88 3
7.07 5.93 2.34 1.88 3
7.01 5.91 2.33 1.86 3
6.97 5.85 2.33 1.87 3
6.93 5.83 2.31 1.86 3
6.9 5.79 2.29 1.85 3
6.84 5.76 2.29 1.85 3
6.81 5.71 2.27 1.84 3
6.75 5.68 2.26 1.83 3
6.73 5.64 2.25 1.82 3
6.69 5.62 2.22 1.82 3
6.63 5.58 2.22 1.81 3
6.6 5.54 2.2 1.8 3
6.57 5.5 2.18 1.79 3
6.51 5.46 2.17 1.78 3
6.46 5.42 2.16 1.77 3
6.42 5.38 2.15 1.77 3
6.39 5.36 2.14 1.75 3
6.34 5.31 2.12 1.74 3
6.3 5.27 2.09 1.72 3
6.25 5.23 2.08 1.72 3
6.2 5.2 2.07 1.71 3
6.17 5.16 2.05 1.69 3
6.12 5.12 2.03 1.68 3
6.08 5.08 2.01 1.67 3
6.04 5.05 2 1.66 3
6.01 5.02 1.99 1.65 3
5.95 4.98 1.98 1.63 3
5.93 4.95 1.95 1.61 3
5.88 4.91 1.93 1.6 3
5.85 4.87 1.91 1.57 3
5.83 4.85 1.89 1.56 3
5.76 4.8 1.88 1.55 3
5.74 4.77 1.85 1.53 3
5.71 4.74 1.83 1.51 3
5.67 4.71 1.81 1.49 3
5.63 4.68 1.78 1.47 3
5.6 4.65 1.76 1.45 3
5.57 4.62 1.73 1.42 3
5.54 4.59 1.71 1.39 3
5.52 4.57 1.69 1.38 3
5.5 4.53 1.66 1.35 3
5.5 4.52 1.62 1.32 3
5.45 4.48 1.61 1.29 3
5.44 4.46 1.57 1.26 3
5.41 4.43 1.54 1.23 3
5.38 4.41 1.52 1.21 3
5.35 4.37 1.49 1.19 3
5.33 4.35 1.47 1.16 3
5.3 4.32 1.44 1.14 3
5.27 4.3 1.42 1.11 3
5.23 4.26 1.39 1.09 3
5.2 4.23 1.36 1.06 3
5.18 4.21 1.33 1.04 3
5.14 4.18 1.31 1.01 3
5.13 4.15 1.27 0.97 3
5.09 4.13 1.26 0.95 3
-1.37 -0.7 0.55 0.65 4
-1.41 -0.74 0.53 0.63 4
-1.43 -0.77 0.52 0.63 4
-1.46 -0.8 0.51 0.61 4
-1.5 -0.85 0.5 0.61 4
-1.56 -0.9 0.51 0.61 4
-1.62 -0.95 0.5 0.61 4
-1.7 -0.99 0.5 0.61 4
-1.8 -1.05 0.51 0.63 4
-1.84 -1.1 0.49 0.61 4
-1.9 -1.14 0.48 0.62 4
-1.94 -1.18 0.47 0.61 4
-1.98 -1.2 0.45 0.6 4
-2.02 -1.27 0.44 0.6 4
-2.07 -1.31 0.43 0.58 4
-2.11 -1.34 0.41 0.6 4
-2.15 -1.39 0.41 0.58 4
-2.19 -1.43 0.38 0.58 4
-2.24 -1.48 0.37 0.57 4
-2.3 -1.53 0.37 0.58 4
-2.36 -1.57 0.35 0.58 4
-2.42 -1.61 0.33 0.57 4
-2.48 -1.66 0.33 0.57 4
-2.53 -1.71 0.32 0.57 4
-2.58 -1.75 0.3 0.56 4
-2.63 -1.79 0.29 0.56 4
-2.67 -1.83 0.27 0.55 4
-2.72 -1.87 0.25 0.54 4
-2.75 -1.92 0.23 0.52 4
-2.79 -1.95 0.21 0.51 4
-2.83 -1.99 0.19 0.5 4
-2.89 -2.04 0.17 0.48 4
-2.93 -2.07 0.16 0.48 4
-2.97 -2.11 0.13 0.46 4
-3.02 -2.15 0.12 0.44 4
-3.09 -2.19 0.1 0.42 4
-3.12 -2.23 0.08 0.41 4
-3.16 -2.27 0.06 0.41 4
-3.22 -2.31 0.04 0.38 4
-3.26 -2.34 0.03 0.37 4
-3.29 -2.38 -0 0.34 4
-3.33 -2.41 -0.03 0.33 4
-3.38 -2.45 -0.05 0.31 4
-3.41 -2.49 -0.08 0.28 4
-3.44 -2.51 -0.11 0.25 4
-3.46 -2.54 -0.13 0.22 4
-3.48 -2.57 -0.17 0.19 4
-3.51 -2.6 -0.19 0.17 4
-3.54 -2.62 -0.22 0.13 4
-3.56 -2.65 -0.24 0.1 4
-3.6 -2.68 -0.28 0.07 4
-3.63 -2.7 -0.31 0.05 4
-3.65 -2.74 -0.34 0.01 4
-3.68 -2.77 -0.36 -0.01 4
-3.71 -2.79 -0.4 -0.04 4
-3.74 -2.83 -0.42 -0.06 4
-3.78 -2.85 -0.45 -0.09 4
-3.8 -2.88 -0.48 -0.11 4
-3.84 -2.91 -0.51 -0.15 4
-3.85 -2.93 -0.54 -0.17 4
-3.89 -2.96 -0.57 -0.21 4
-3.91 -2.99 -0.59 -0.24 4
-3.93 -3.02 -0.63 -0.27 4
-3.96 -3.04 -0.66 -0.3 4
-4 -3.06 -0.69 -0.33 4
-4.02 -3.1 -0.72 -0.35 4
-4.05 -3.13 -0.75 -0.38 4
-4.07 -3.16 -0.78 -0.41 4
-4.11 -3.18 -0.81 -0.44 4
-4.14 -3.21 -0.83 -0.48 4
-4.17 -3.23 -0.86 -0.49 4
-4.19 -3.26 -0.89 -0.52 4
-4.22 -3.29 -0.91 -0.55 4
-4.24 -3.32 -0.95 -0.59 4
-4.27 -3.34 -0.97 -0.61 4
-4.29 -3.37 -1 -0.63 4
-4.31 -3.4 -1.03 -0.67 4
-4.35 -3.42 -1.06 -0.7 4
-4.37 -3.45 -1.08 -0.73 4
-4.4 -3.48 -1.12 -0.75 4
-4.41 -3.5 -1.14 -0.79 4
-4.45 -3.53 -1.17 -0.82 4
-4.47 -3.56 -1.2 -0.84 4
-4.51 -3.58 -1.23 -0.86 4
-4.54 -3.61 -1.26 -0.88 4
-4.56 -3.64 -1.28 -0.91 4
-4.6 -3.67 -1.3 -0.93 4
-4.63 -3.7 -1.32 -0.95 4
-4.66 -3.73 -1.35 -0.98 4
-4.7 -3.76 -1.37 -0.99 4
-4.73 -3.79 -1.4 -1.02 4
-4.77 -3.82 -1.42 -1.04 4
-4.79 -3.84 -1.42 -1.04 4
-4.83 -3.87 -1.46 -1.09 4
-4.86 -3.91 -1.49 -1.1 4
-4.89 -3.93 -1.49 -1.1 4
-4.91 -3.96 -1.54 -1.15 4
-4.94 -3.99 -1.54 -1.15 4
-4.97 -4.01 -1.57 -1.19 4
-5.01 -4.04 -1.61 -1.23 4
-5.03 -4.07 -1.61 -1.23 4
-5.05 -4.1 -1.65 -1.26 4
-5.07 -4.12 -1.65 -1.26 4
-5.11 -4.16 -1.68 -1.28 4
-5.13 -4.19 -1.72 -1.32 4
-5.17 -4.22 -1.73 -1.33 4
-5.2 -4.24 -1.75 -1.34 4
-5.24 -4.27 -1.76 -1.37 4
-5.28 -4.3 -1.79 -1.38 4
-5.31 -4.34 -1.8 -1.39 4
-5.35 -4.38 -1.82 -1.4 4
-5.38 -4.39 -1.84 -1.43 4
-5.41 -4.43 -1.86 -1.43 4
-5.44 -4.46 -1.87 -1.46 4
-5.48 -4.49 -1.9 -1.46 4
-5.52 -4.51 -1.91 -1.49 4
-5.55 -4.55 -1.94 -1.49 4
-5.57 -4.57 -1.95 -1.51 4
-5.61 -4.61 -1.96 -1.54 4
-5.65 -4.63 -1.96 -1.54 4
-5.69 -4.67 -2 -1.55 4
-5.71 -4.69 -2.01 -1.57 4
-5.74 -4.72 -2.03 -1.59 4
-5.77 -4.74 -2.05 -1.6 4
-5.8 -4.76 -2.08 -1.62 4
-5.82 -4.79 -2.08 -1.62 4
-5.85 -4.82 -2.12 -1.67 4
-5.86 -4.84 -2.14 -1.69 4
-5.88 -4.85 -2.17 -1.71 4
-5.91 -4.88 -2.18 -1.74 4
-5.92 -4.89 -2.22 -1.75 4
-5.94 -4.92 -2.23 -1.77 4
-5.98 -4.95 -2.25 -1.79 4
-6.01 -4.98 -2.28 -1.8 4
-6.05 -5 -2.29 -1.83 4
-6.07 -5.01 -2.32 -1.83 4
-6.09 -5.04 -2.33 -1.85 4
-6.11 -5.06 -2.35 -1.87 4
-6.13 -5.09 -2.37 -1.9 4
-6.16 -5.1 -2.39 -1.91 4
-6.17 -5.13 -2.42 -1.93 4
-6.2 -5.15 -2.42 -1.93 4
-6.22 -5.17 -2.45 -1.96 4
-6.25 -5.19 -2.47 -1.97 4
-6.28 -5.21 -2.49 -1.99 4
-6.31 -5.24 -2.5 -2.01 4
-6.35 -5.27 -2.52 -2.01 4
-6.36 -5.28 -2.53 -2.04 4
-6.38 -5.3 -2.55 -2.06 4
-6.4 -5.32 -2.57 -2.07 4
-6.41 -5.34 -2.59 -2.09 4
-6.45 -5.38 -2.6 -2.11 4
-6.47 -5.39 -2.63 -2.13 4
-6.48 -5.41 -2.64 -2.16 4
-6.5 -5.43 -2.67 -2.16 4
-6.51 -5.45 -2.68 -2.19 4
-6.53 -5.46 -2.7 -2.21 4
-6.55 -5.48 -2.73 -2.23 4
-6.57 -5.49 -2.75 -2.24 4
-6.58 -5.51 -2.76 -2.27 4
-6.6 -5.52 -2.76 -2.27 4
-6.61 -5.54 -2.8 -2.31 4
-6.62 -5.55 -2.82 -2.33 4
-6.63 -5.57 -2.85 -2.35 4
-6.63 -5.59 -2.85 -2.38 4
-6.66 -5.6 -2.87 -2.38 4
-6.66 -5.6 -2.9 -2.4 4
-6.69 -5.63 -2.91 -2.43 4
-6.69 -5.65 -2.93 -2.45 4
-6.7 -5.65 -2.95 -2.46 4
-6.73 -5.67 -2.96 -2.47 4
-6.73 -5.68 -2.98 -2.5 4
-6.74 -5.7 -3 -2.51 4
-6.76 -5.71 -3.02 -2.52 4
-6.78 -5.73 -3.04 -2.55 4
-6.78 -5.74 -3.05 -2.56 4
-6.8 -5.76 -3.05 -2.56 4
-6.83 -5.77 -3.07 -2.59 4
-6.84 -5.78 -3.1 -2.61 4
-6.85 -5.79 -3.1 -2.61 4
-6.85 -5.81 -3.13 -2.64 4
-6.86 -5.82 -3.14 -2.66 4
-6.88 -5.83 -3.16 -2.67 4
-6.9 -5.85 -3.17 -2.69 4
-6.91 -5.86 -3.17 -2.69 4
-6.91 -5.87 -3.2 -2.71 4
-6.93 -5.88 -3.21 -2.72 4
-6.95 -5.9 -3.21 -2.72 4
-6.95 -5.91 -3.21 -2.73 4
-6.96 -5.92 -3.23 -2.75 4
-6.97 -5.94 -3.24 -2.75 4
-6.99 -5.95 -3.26 -2.77 4
-6.99 -5.96 -3.27 -2.78 4
-7.02 -5.97 -3.29 -2.8 4
-7.02 -5.99 -3.29 -2.8 4
-7.03 -5.99 -3.31 -2.82 4
-7.03 -6.01 -3.33 -2.85 4
-7.05 -6.01 -3.33 -2.85 4
-7.06 -6.02 -3.35 -2.86 4
-7.07 -6.04 -3.35 -2.87 4
-7.08 -6.04 -3.37 -2.88 4
-7.08 -6.05 -3.38 -2.89 4
-7.1 -6.06 -3.39 -2.89 4
-7.11 -6.07 -3.4 -2.92 4
-7.12 -6.09 -3.41 -2.9 4
-7.13 -6.09 -3.41 -2.92 4
-7.14 -6.1 -3.42 -2.94 4
-7.17 -6.12 -3.43 -2.94 4
-7.18 -6.13 -3.45 -2.94 4
-7.19 -6.13 -3.45 -2.95 4
-7.19 -6.14 -3.45 -2.95 4
-7.19 -6.15 -3.46 -2.96 4
-7.2 -6.15 -3.46 -2.96 4
-7.22 -6.17 -3.47 -2.97 4
-7.23 -6.18 -3.47 -2.98 4
-7.23 -6.18 -3.49 -2.99 4
-7.24 -6.18 -3.5 -2.99 4
-7.24 -6.19 -3.5 -3 4
-7.25 -6.21 -3.51 -3.01 4
-7.25 -6.21 -3.52 -3.02 4
-7.26 -6.21 -3.52 -3.02 4
-7.28 -6.22 -3.52 -3.02 4
-7.29 -6.23 -3.53 -3.03 4
-7.3 -6.23 -3.53 -3.02 4
-7.3 -6.24 -3.54 -3.04 4
-7.31 -6.24 -3.53 -3.04 4
-7.31 -6.24 -3.54 -3.04 4
-7.31 -6.25 -3.55 -3.05 4
-7.31 -6.26 -3.56 -3.05 4
-7.33 -6.26 -3.56 -3.06 4
-7.33 -6.27 -3.56 -3.06 4
-7.33 -6.27 -3.56 -3.06 4
-7.33 -6.27 -3.57 -3.06 4
-7.33 -6.28 -3.57 -3.07 4
-7.33 -6.28 -3.57 -3.08 4
-7.33 -6.28 -3.57 -3.08 4
-7.33 -6.28 -3.58 -3.07 4
-7.34 -6.28 -3.58 -3.09 4
-7.33 -6.27 -3.58 -3.08 4
-7.34 -6.28 -3.59 -3.1 4
-7.34 -6.29 -3.59 -3.1 4
-7.34 -6.29 -3.59 -3.1 4
-7.35 -6.29 -3.59 -3.1 4
-7.35 -6.29 -3.59 -3.1 4
-7.35 -6.29 -3.59 -3.1 4
-7.35 -6.3 -3.6 -3.1 4
-7.35 -6.29 -3.59 -3.1 4
-7.35 -6.29 -3.59 -3.1 4
-7.36 -6.29 -3.59 -3.1 4
-7.35 -6.29 -3.59 -3.1 4
-3.19 -3.43 -3.45 -3.44 5
-3.15 -3.39 -3.45 -3.44 5
-3.07 -3.34 -3.44 -3.45 5
-3.02 -3.29 -3.45 -3.45 5
-2.96 -3.24 -3.45 -3.45 5
-2.89 -3.21 -3.44 -3.46 5
-2.85 -3.16 -3.45 -3.46 5
-2.79 -3.12 -3.44 -3.46 5
-2.77 -3.08 -3.43 -3.45 5
-2.69 -3.03 -3.43 -3.47 5
-2.65 -2.99 -3.43 -3.46 5
-2.62 -2.95 -3.43 -3.45 5
-2.56 -2.92 -3.43 -3.46 5
-2.52 -2.88 -3.42 -3.47 5
-2.48 -2.84 -3.42 -3.46 5
-2.41 -2.8 -3.41 -3.47 5
-2.35 -2.75 -3.42 -3.47 5
-2.32 -2.71 -3.41 -3.46 5
-2.26 -2.67 -3.41 -3.47 5
-2.22 -2.63 -3.41 -3.47 5
-2.18 -2.6 -3.41 -3.47 5
-2.13 -2.55 -3.4 -3.47 5
-2.09 -2.52 -3.4 -3.46 5
-2.05 -2.48 -3.38 -3.46 5
-2 -2.44 -3.39 -3.47 5
-1.95 -2.39 -3.39 -3.47 5
-1.89 -2.35 -3.39 -3.46 5
-1.85 -2.31 -3.39 -3.46 5
-1.8 -2.27 -3.38 -3.46 5
-1.77 -2.22 -3.37 -3.46 5
-1.71 -2.18 -3.37 -3.47 5
-1.65 -2.14 -3.36 -3.46 5
-1.6 -2.08 -3.36 -3.47 5
-1.55 -2.04 -3.35 -3.46 5
-1.5 -2 -3.35 -3.46 5
-1.45 -1.95 -3.36 -3.46 5
-1.39 -1.92 -3.35 -3.47 5
-1.35 -1.87 -3.34 -3.46 5
-1.29 -1.82 -3.34 -3.46 5
-1.24 -1.77 -3.33 -3.47 5
-1.19 -1.72 -3.33 -3.46 5
-1.13 -1.68 -3.32 -3.46 5
-1.07 -1.64 -3.32 -3.46 5
-1.01 -1.59 -3.32 -3.46 5
-0.97 -1.55 -3.3 -3.45 5
-0.92 -1.5 -3.31 -3.46 5
-0.88 -1.47 -3.29 -3.46 5
-0.84 -1.43 -3.29 -3.45 5
-0.8 -1.39 -3.27 -3.45 5
-0.75 -1.34 -3.27 -3.45 5
-0.71 -1.31 -3.26 -3.44 5
-0.65 -1.26 -3.26 -3.44 5
-0.57 -1.21 -3.25 -3.45 5
-0.53 -1.16 -3.25 -3.45 5
-0.46 -1.11 -3.25 -3.46 5
-0.42 -1.06 -3.23 -3.45 5
-0.36 -1.03 -3.23 -3.45 5
-0.29 -0.98 -3.23 -3.45 5
-0.26 -0.93 -3.21 -3.45 5
-0.19 -0.88 -3.21 -3.46 5
-0.12 -0.83 -3.2 -3.44 5
-0.06 -0.78 -3.2 -3.46 5
0 -0.72 -3.2 -3.45 5
0.06 -0.67 -3.19 -3.45 5
0.11 -0.63 -3.18 -3.45 5
0.17 -0.59 -3.18 -3.45 5
0.21 -0.55 -3.17 -3.44 5
0.27 -0.5 -3.15 -3.44 5
0.29 -0.47 -3.13 -3.44 5
0.34 -0.43 -3.12 -3.43 5
0.38 -0.39 -3.12 -3.44 5
0.44 -0.35 -3.1 -3.43 5
0.48 -0.31 -3.09 -3.43 5
0.52 -0.27 -3.07 -3.42 5
0.57 -0.22 -3.07 -3.42 5
0.62 -0.19 -3.06 -3.42 5
0.66 -0.15 -3.05 -3.43 5
0.74 -0.09 -3.04 -3.43 5
0.79 -0.05 -3.03 -3.43 5
0.86 0.01 -3.02 -3.43 5
0.95 0.05 -3.02 -3.44 5
1.01 0.11 -3.01 -3.44 5
1.08 0.16 -3 -3.43 5
1.13 0.21 -3 -3.43 5
1.19 0.27 -2.98 -3.44 5
1.24 0.31 -2.96 -3.43 5
1.31 0.36 -2.96 -3.44 5
1.38 0.42 -2.95 -3.43 5
1.42 0.46 -2.93 -3.43 5
1.47 0.5 -2.92 -3.42 5
1.53 0.56 -2.91 -3.43 5
1.59 0.61 -2.9 -3.42 5
1.65 0.66 -2.89 -3.43 5
1.69 0.69 -2.89 -3.43 5
1.75 0.74 -2.87 -3.42 5
1.79 0.78 -2.85 -3.41 5
1.85 0.83 -2.84 -3.41 5
1.89 0.87 -2.82 -3.4 5
1.93 0.91 -2.8 -3.39 5
1.97 0.96 -2.78 -3.39 5
2.02 1 -2.76 -3.38 5
2.1 1.06 -2.76 -3.39 5
2.15 1.1 -2.74 -3.38 5
2.21 1.16 -2.74 -3.39 5
2.27 1.2 -2.72 -3.38 5
2.31 1.24 -2.7 -3.39 5
2.38 1.29 -2.7 -3.39 5
2.44 1.34 -2.69 -3.38 5
2.51 1.39 -2.68 -3.38 5
2.55 1.45 -2.66 -3.38 5
2.6 1.5 -2.65 -3.37 5
2.67 1.53 -2.64 -3.38 5
2.72 1.58 -2.63 -3.36 5
2.78 1.62 -2.61 -3.36 5
2.81 1.67 -2.59 -3.34 5
2.85 1.7 -2.58 -3.33 5
2.9 1.74 -2.56 -3.33 5
2.93 1.79 -2.54 -3.3 5
2.98 1.82 -2.51 -3.29 5
3.02 1.85 -2.49 -3.27 5
3.07 1.9 -2.48 -3.26 5
3.11 1.93 -2.45 -3.24 5
3.16 1.98 -2.43 -3.22 5
3.2 2.01 -2.4 -3.21 5
3.25 2.06 -2.39 -3.18 5
3.3 2.1 -2.37 -3.18 5
3.35 2.14 -2.35 -3.17 5
3.41 2.18 -2.33 -3.16 5
3.45 2.23 -2.31 -3.14 5
3.48 2.26 -2.28 -3.13 5
3.52 2.3 -2.26 -3.1 5
3.57 2.34 -2.24 -3.08 5
3.6 2.36 -2.2 -3.06 5
3.65 2.4 -2.18 -3.04 5
3.69 2.44 -2.15 -3.01 5
3.72 2.47 -2.13 -2.99 5
3.77 2.51 -2.11 -2.97 5
3.81 2.54 -2.08 -2.95 5
3.85 2.57 -2.06 -2.93 5
3.87 2.6 -2.03 -2.89 5
3.91 2.64 -2 -2.86 5
3.94 2.67 -1.96 -2.83 5
3.96 2.69 -1.94 -2.79 5
4 2.73 -1.9 -2.77 5
4.02 2.75 -1.87 -2.74 5
4.06 2.79 -1.84 -2.71 5
4.09 2.81 -1.8 -2.68 5
4.11 2.84 -1.77 -2.64 5
4.14 2.88 -1.74 -2.6 5
4.17 2.9 -1.7 -2.57 5
4.21 2.94 -1.68 -2.55 5
4.25 2.98 -1.64 -2.52 5
4.29 3.01 -1.62 -2.5 5
4.32 3.04 -1.59 -2.47 5
4.34 3.07 -1.56 -2.44 5
4.38 3.1 -1.52 -2.4 5
4.41 3.13 -1.48 -2.38 5
4.45 3.16 -1.46 -2.35 5
4.48 3.19 -1.44 -2.32 5
4.51 3.22 -1.4 -2.29 5
4.54 3.24 -1.36 -2.25 5
4.57 3.28 -1.33 -2.22 5
4.59 3.31 -1.3 -2.18 5
4.63 3.34 -1.26 -2.16 5
4.68 3.37 -1.24 -2.13 5
4.7 3.41 -1.21 -2.1 5
4.73 3.44 -1.18 -2.07 5
4.77 3.47 -1.14 -2.05 5
4.78 3.5 -1.12 -2.01 5
4.8 3.52 -1.08 -1.97 5
4.83 3.55 -1.03 -1.92 5
4.83 3.57 -1.01 -1.87 5
4.87 3.59 -0.98 -1.85 5
4.89 3.63 -0.94 -1.83 5
4.91 3.65 -0.9 -1.78 5
5.1 3.81 -0.83 -1.74 5
5.14 3.84 -0.81 -1.72 5
5.16 3.88 -0.78 -1.69 5
5.19 3.9 -0.75 -1.68 5
5.23 3.93 -0.72 -1.63 5
5.26 3.96 -0.69 -1.62 5
5.31 4 -0.67 -1.6 5
5.36 4.03 -0.66 -1.58 5
5.38 4.07 -0.62 -1.56 5
5.41 4.11 -0.61 -1.55 5
5.44 4.12 -0.57 -1.51 5
5.48 4.17 -0.55 -1.48 5
5.51 4.19 -0.53 -1.49 5
5.53 4.22 -0.51 -1.45 5
5.56 4.25 -0.48 -1.41 5
5.59 4.28 -0.45 -1.39 5
5.62 4.31 -0.41 -1.37 5
5.65 4.34 -0.4 -1.34 5
5.68 4.36 -0.37 -1.32 5
5.71 4.4 -0.35 -1.29 5
5.76 4.43 -0.32 -1.27 5
5.79 4.47 -0.3 -1.25 5
5.83 4.5 -0.27 -1.23 5
5.88 4.54 -0.24 -1.22 5
5.91 4.58 -0.23 -1.19 5
5.96 4.62 -0.22 -1.18 5
5.99 4.65 -0.2 -1.17 5
6.04 4.68 -0.19 -1.16 5
6.08 4.73 -0.16 -1.15 5
6.08 4.74 -0.14 -1.12 5
6.12 4.77 -0.11 -1.1 5
6.13 4.8 -0.08 -1.07 5
6.16 4.82 -0.07 -1.05 5
6.19 4.85 -0.03 -1.01 5
6.21 4.87 -0 -0.98 5
6.25 4.91 0.03 -0.94 5
6.29 4.94 0.05 -0.93 5
6.34 4.98 0.08 -0.91 5
6.35 5.01 0.09 -0.89 5
6.4 5.04 0.11 -0.87 5
6.44 5.08 0.14 -0.85 5
6.46 5.09 0.16 -0.84 5
6.48 5.12 0.19 -0.82 5
6.51 5.14 0.21 -0.79 5
6.53 5.17 0.23 -0.76 5
6.56 5.19 0.27 -0.73 5
6.61 5.23 0.29 -0.7 5
6.63 5.26 0.31 -0.68 5
6.67 5.29 0.34 -0.66 5
6.7 5.32 0.36 -0.65 5
6.7 5.32 0.38 -0.63 5
6.75 5.37 0.4 -0.61 5
6.8 5.4 0.42 -0.59 5
6.83 5.43 0.45 -0.56 5
6.87 5.46 0.47 -0.55 5
6.9 5.49 0.48 -0.54 5
6.92 5.52 0.5 -0.51 5
6.96 5.56 0.52 -0.5 5
7 5.59 0.54 -0.48 5
7.03 5.62 0.56 -0.47 5
7.07 5.65 0.58 -0.46 5
7.1 5.68 0.59 -0.44 5
7.14 5.71 0.61 -0.43 5
7.17 5.74 0.62 -0.41 5
7.21 5.76 0.65 -0.4 5
7.21 5.76 0.66 -0.38 5
7.28 5.82 0.67 -0.37 5
7.29 5.85 0.69 -0.34 5
7.31 5.87 0.71 -0.33 5
7.34 5.9 0.73 -0.31 5
7.37 5.92 0.75 -0.29 5
7.39 5.95 0.76 -0.27 5
7.42 5.97 0.8 -0.24 5
7.47 6 0.82 -0.23 5
7.51 6.04 0.84 -0.21 5
5.98 5.91 3.66 3.54 6
5.94 5.88 3.65 3.55 6
5.91 5.86 3.66 3.58 6
5.88 5.83 3.67 3.59 6
5.86 5.82 3.68 3.6 6
5.86 5.81 3.68 3.61 6
5.84 5.79 3.68 3.6 6
5.81 5.77 3.68 3.61 6
5.78 5.75 3.68 3.61 6
5.76 5.74 3.68 3.61 6
5.75 5.72 3.68 3.61 6
5.73 5.7 3.68 3.62 6
5.71 5.68 3.68 3.61 6
5.69 5.67 3.69 3.62 6
5.66 5.64 3.67 3.61 6
5.63 5.62 3.68 3.61 6
5.62 5.6 3.68 3.61 6
5.61 5.59 3.67 3.61 6
5.61 5.59 3.67 3.61 6
5.56 5.55 3.66 3.61 6
5.54 5.53 3.66 3.6 6
5.52 5.5 3.66 3.61 6
5.48 5.48 3.66 3.6 6
5.48 5.46 3.66 3.6 6
5.48 5.46 3.67 3.6 6
5.42 5.41 3.66 3.6 6
5.4 5.39 3.66 3.6 6
5.36 5.37 3.65 3.61 6
5.33 5.34 3.66 3.6 6
5.31 5.32 3.66 3.59 6
5.29 5.29 3.64 3.6 6
5.26 5.27 3.65 3.6 6
5.24 5.24 3.64 3.6 6
5.22 5.22 3.65 3.59 6
5.2 5.2 3.64 3.59 6
5.17 5.18 3.63 3.59 6
5.14 5.14 3.63 3.59 6
5.11 5.12 3.63 3.58 6
5.08 5.09 3.62 3.58 6
5.05 5.07 3.63 3.58 6
5 5.03 3.62 3.58 6
5 5.03 3.62 3.57 6
4.94 4.97 3.62 3.57 6
4.9 4.94 3.62 3.58 6
4.86 4.9 3.62 3.57 6
4.83 4.87 3.6 3.58 6
4.79 4.85 3.62 3.58 6
4.76 4.8 3.61 3.58 6
4.72 4.79 3.61 3.58 6
4.69 4.74 3.6 3.58 6
4.65 4.71 3.6 3.57 6
4.63 4.69 3.61 3.57 6
4.59 4.66 3.6 3.57 6
4.55 4.63 3.59 3.57 6
4.51 4.59 3.6 3.57 6
4.47 4.55 3.59 3.56 6
4.43 4.51 3.58 3.58 6
4.4 4.48 3.58 3.57 6
4.36 4.45 3.57 3.57 6
4.33 4.42 3.58 3.57 6
4.33 4.42 3.57 3.57 6
4.24 4.34 3.58 3.57 6
4.2 4.31 3.56 3.57 6
4.2 4.31 3.57 3.57 6
4.11 4.23 3.57 3.57 6
4.11 4.23 3.56 3.57 6
4.04 4.16 3.55 3.56 6
4 4.13 3.55 3.56 6
3.95 4.08 3.55 3.55 6
3.92 4.06 3.54 3.54 6
3.89 4.02 3.54 3.55 6
3.84 3.98 3.53 3.55 6
3.79 3.95 3.53 3.55 6
3.74 3.9 3.53 3.54 6
3.69 3.86 3.53 3.55 6
3.63 3.81 3.53 3.55 6
3.57 3.76 3.53 3.55 6
3.52 3.74 3.53 3.55 6
3.47 3.68 3.52 3.55 6
3.41 3.63 3.51 3.56 6
3.37 3.61 3.51 3.56 6
3.33 3.56 3.51 3.56 6
3.27 3.52 3.51 3.56 6
3.22 3.47 3.5 3.56 6
3.18 3.43 3.5 3.56 6
3.13 3.41 3.5 3.56 6
3.08 3.35 3.49 3.56 6
3.04 3.32 3.49 3.55 6
3 3.28 3.47 3.55 6
2.95 3.25 3.47 3.56 6
2.89 3.2 3.46 3.56 6
2.85 3.16 3.46 3.55 6
2.8 3.12 3.46 3.54 6
2.74 3.08 3.45 3.54 6
2.69 3.04 3.45 3.54 6
2.64 3 3.45 3.55 6
2.64 3 3.43 3.54 6
2.6 2.95 3.44 3.54 6
2.55 2.92 3.43 3.55 6
2.5 2.87 3.42 3.54 6
2.45 2.83 3.42 3.54 6
2.4 2.79 3.42 3.54 6
2.3 2.71 3.41 3.54 6
2.3 2.71 3.4 3.55 6
2.27 2.68 3.38 3.54 6
2.17 2.59 3.39 3.54 6
2.17 2.59 3.38 3.53 6
2.12 2.54 3.38 3.53 6
2.04 2.5 3.36 3.53 6
1.99 2.45 3.37 3.53 6
1.94 2.42 3.36 3.53 6
1.9 2.37 3.35 3.53 6
1.88 2.34 3.33 3.51 6
1.83 2.3 3.33 3.51 6
1.78 2.26 3.33 3.51 6
1.75 2.22 3.31 3.5 6
1.69 2.18 3.31 3.51 6
1.64 2.13 3.3 3.5 6
1.58 2.09 3.29 3.5 6
1.53 2.05 3.29 3.5 6
1.47 1.99 3.27 3.5 6
1.41 1.95 3.27 3.5 6
1.36 1.91 3.26 3.49 6
1.31 1.86 3.25 3.5 6
1.25 1.83 3.24 3.5 6
1.19 1.77 3.23 3.5 6
1.12 1.72 3.23 3.5 6
1.06 1.67 3.23 3.5 6
1.01 1.64 3.22 3.5 6
0.95 1.59 3.21 3.49 6
0.9 1.53 3.2 3.49 6
0.85 1.5 3.18 3.49 6
0.79 1.45 3.17 3.49 6
0.73 1.4 3.16 3.49 6
0.66 1.35 3.16 3.49 6
0.61 1.3 3.15 3.5 6
0.56 1.25 3.14 3.49 6
0.5 1.21 3.12 3.48 6
0.45 1.17 3.11 3.48 6
0.41 1.14 3.09 3.47 6
0.37 1.1 3.08 3.47 6
0.33 1.06 3.06 3.46 6
0.27 1.01 3.06 3.46 6
0.22 0.97 3.04 3.46 6
0.15 0.91 3.04 3.46 6
0.07 0.86 3.03 3.46 6
0.01 0.82 3.01 3.46 6
-0.05 0.77 3.01 3.46 6
-0.11 0.73 3 3.46 6
-0.17 0.68 2.98 3.46 6
-0.2 0.64 2.96 3.45 6
-0.26 0.59 2.95 3.44 6
-0.3 0.55 2.94 3.43 6
-0.35 0.51 2.92 3.43 6
-0.41 0.48 2.92 3.41 6
-0.45 0.43 2.89 3.4 6
-0.49 0.4 2.88 3.4 6
-0.53 0.36 2.85 3.38 6
-0.57 0.32 2.83 3.37 6
-0.62 0.29 2.82 3.36 6
-0.66 0.25 2.81 3.35 6
-0.71 0.21 2.79 3.33 6
-0.77 0.17 2.78 3.32 6
-0.81 0.12 2.76 3.32 6
-0.85 0.08 2.75 3.29 6
-0.89 0.05 2.72 3.28 6
-0.94 0.01 2.7 3.27 6
-0.99 -0.03 2.68 3.25 6
-1.02 -0.06 2.66 3.23 6
-1.06 -0.1 2.65 3.21 6
-1.11 -0.14 2.62 3.2 6
-1.14 -0.17 2.59 3.18 6
-1.18 -0.21 2.56 3.16 6
-1.24 -0.24 2.54 3.13 6
-1.26 -0.28 2.51 3.12 6
-1.32 -0.32 2.49 3.08 6
-1.38 -0.37 2.48 3.08 6
-1.43 -0.4 2.45 3.07 6
-1.47 -0.45 2.44 3.06 6
-1.52 -0.5 2.42 3.06 6
-1.57 -0.54 2.4 3.05 6
-1.62 -0.58 2.38 3.03 6
-1.67 -0.61 2.36 3.01 6
-1.71 -0.65 2.34 2.98 6
-1.74 -0.69 2.32 2.96 6
-1.78 -0.72 2.28 2.93 6
-1.81 -0.76 2.26 2.9 6
-1.84 -0.79 2.22 2.86 6
-1.85 -0.81 2.18 2.82 6
-1.88 -0.83 2.15 2.79 6
-1.91 -0.87 2.12 2.74 6
-1.94 -0.89 2.09 2.71 6
-1.96 -0.92 2.05 2.68 6
-1.98 -0.94 2.02 2.63 6
-2 -0.97 1.98 2.61 6
-2.02 -1 1.94 2.57 6
-2.06 -1.03 1.92 2.54 6
-2.09 -1.05 1.88 2.51 6
-2.12 -1.09 1.85 2.48 6
-2.16 -1.12 1.82 2.45 6
-2.18 -1.15 1.79 2.41 6
-2.22 -1.17 1.76 2.39 6
-2.25 -1.21 1.74 2.37 6
-2.28 -1.25 1.7 2.34 6
-2.32 -1.28 1.68 2.31 6
-2.36 -1.31 1.65 2.29 6
-2.39 -1.34 1.62 2.25 6
-2.42 -1.38 1.59 2.23 6
-2.45 -1.41 1.56 2.19 6
-2.48 -1.45 1.53 2.18 6
-2.53 -1.48 1.5 2.15 6
-2.55 -1.51 1.47 2.12 6
-2.59 -1.54 1.44 2.09 6
-2.61 -1.57 1.42 2.06 6
-2.66 -1.61 1.39 2.04 6
-2.69 -1.64 1.36 2.01 6
-2.72 -1.67 1.34 1.99 6
-2.76 -1.71 1.29 1.96 6
-2.8 -1.75 1.27 1.93 6
-2.82 -1.78 1.25 1.9 6
-2.84 -1.81 1.22 1.86 6
-2.89 -1.84 1.17 1.84 6
-2.91 -1.87 1.15 1.82 6
-2.94 -1.9 1.12 1.78 6
-2.98 -1.93 1.08 1.75 6
-3 -1.96 1.05 1.71 6
-3.03 -1.99 1.03 1.68 6
-3.07 -2.01 0.98 1.65 6
-3.11 -2.05 0.96 1.63 6
-3.16 -2.09 0.93 1.61 6
-3.19 -2.12 0.9 1.58 6
-3.23 -2.16 0.88 1.55 6
-3.26 -2.18 0.84 1.52 6
-3.28 -2.21 0.81 1.49 6
-3.29 -2.24 0.77 1.45 6
-3.32 -2.26 0.73 1.41 6
-3.36 -2.29 0.7 1.38 6
-3.38 -2.33 0.67 1.35 6
-3.4 -2.35 0.64 1.31 6
-3.44 -2.39 0.61 1.28 6
-3.47 -2.43 0.58 1.26 6
-3.51 -2.46 0.54 1.23 6
-3.55 -2.49 0.51 1.21 6
-3.58 -2.52 0.49 1.17 6
-3.61 -2.55 0.46 1.15 6
-3.66 -2.58 0.42 1.13 6
-3.69 -2.62 0.41 1.1 6
-3.72 -2.65 0.37 1.06 6
-3.74 -2.68 0.34 1.03 6
-3.78 -2.71 0.3 0.99 6
